=====================================
2022-10-10-13_01_02
num_nodes: 500
num_anchors: 50
threshold: 1.2
nhid: 2000
nout: 2
dropout: 0.5
lr: 0.01
weight_decay: 0
num_epochs: 200
n_neighbors: 25
k0: 4
lam: 0.049
mu: 0.049
eps: 0.001
n_init: 1
k1_init: 0
step_size: 1
eps_k1: 40000
percent_nLOS_list: [0, 10, 20, 30, 40, 50]
Novel error:[0.027808861806988716, 3.910951614379883, 4.715159893035889, 14.01517105102539, 24.991580963134766, 80.06316375732422]
GCN error:[0.12134671211242676, 0.14567410945892334, 0.1556878536939621, 0.154391348361969, 0.13911595940589905, 0.13860619068145752]
=====================================
2022-10-10-13_26_29
num_nodes: 500
num_anchors: 50
threshold: 1.2
nhid: 2000
nout: 2
dropout: 0.5
lr: 0.01
weight_decay: 0
num_epochs: 200
n_neighbors: 25
k0: 4
lam: 0.049
mu: 0.049
eps: 0.001
n_init: 1
k1_init: 0
step_size: 1
eps_k1: 40000
percent_nLOS_list: [0, 10, 20, 30, 40, 50]
GCN error:[0.12134671211242676, 0.14567410945892334, 0.1556878536939621, 0.154391348361969, 0.13911595940589905, 0.13860619068145752]
True K1s:[0, 25118, 49915, 74549, 99752, 124398]
K1 estimates:[0, 25118, 49915, 74549, 99752, 124398]
Novel error:[0.027808861806988716, 0.05934632942080498, 0.12698444724082947, 0.1547599583864212, 1.4062755107879639, 0.21014092862606049]
=====================================
2022-10-10-13_29_02
num_nodes: 500
num_anchors: 50
threshold: 1.2
nhid: 2000
nout: 2
dropout: 0.5
lr: 0.01
weight_decay: 0
num_epochs: 200
n_neighbors: 25
k0: 4
lam: 0.049
mu: 0.049
eps: 0.001
n_init: 1
k1_init: 0
step_size: 1
eps_k1: 40000
percent_nLOS_list: [0, 10, 20, 30, 40, 50]
GCN error:[0.12134671211242676, 0.14567410945892334, 0.1556878536939621, 0.154391348361969, 0.13911595940589905, 0.13860619068145752]
True K1s:[0, 25118, 49915, 74549, 99752, 124398]
K1 estimates:[100, 25218, 50015, 74649, 99852, 124498]
Novel error:[0.03444923460483551, 0.05915303900837898, 0.13057906925678253, 0.14226995408535004, 0.6980085372924805, 0.18911708891391754]
=====================================
2022-10-10-13_31_39
num_nodes: 500
num_anchors: 50
threshold: 1.2
nhid: 2000
nout: 2
dropout: 0.5
lr: 0.01
weight_decay: 0
num_epochs: 200
n_neighbors: 25
k0: 4
lam: 0.049
mu: 0.049
eps: 0.001
n_init: 10
k1_init: 0
step_size: 1
eps_k1: 40000
percent_nLOS_list: [0, 10, 20, 30, 40, 50]
GCN error:[0.12134671211242676, 0.1373574584722519, 0.10511627048254013, 0.12995390594005585, 0.1321420967578888, 0.16564203798770905]
True K1s:[0, 25118, 49915, 74549, 99752, 124398]
K1 estimates:[100, 25218, 50015, 74649, 99852, 124498]
Novel error:[0.03379909321665764, 0.05215277895331383, 0.11788897216320038, 0.12105445563793182, 0.13824976980686188, 0.9053726196289062]
=====================================
2022-10-10-13_36_33
num_nodes: 500
num_anchors: 50
threshold: 1.2
nhid: 2000
nout: 2
dropout: 0.5
lr: 0.01
weight_decay: 0
num_epochs: 200
n_neighbors: 25
k0: 4
lam: 0.049
mu: 0.049
eps: 0.001
n_init: 10
k1_init: 0
step_size: 1
eps_k1: 40000
percent_nLOS_list: [0, 10, 20, 30, 40, 50]
GCN error:[0.12134671211242676, 0.10232711583375931, 0.15585970878601074, 0.13436830043792725, 0.14669740200042725, 0.156939297914505]
True K1s:[0, 25118, 49915, 74549, 99752, 124398]
K1 estimates:[2500, 25000, 47500, 70000, 92500, 112500]
Novel error:[0.03874804824590683, 0.053097084164619446, 0.0838872641324997, 0.09031710773706436, 0.28070011734962463, 0.3035988211631775]
